                   Throughput         Avg. delay          Delivery ratio          Drop  ratio

Varying area
---------------

1. 250*250          155461              0.184              0.97                   0.028
2. 500*500          141453              1.006              0.88                   0.11
3. 750*750          108588              0.655              0.68                   0.31
4.1000*1000         80930.6             0.799              0.50                   0.48
5.1250*1250         71706.1             0.683              0.45                   0.49


Varying nodes
---------------

1. 20               159347              0.067              0.99                   0.004
2. 40               141453              1.006              0.88                   0.11
3. 60               134596              0.722              0.84                   0.16
4. 80               115363              1.894              0.72                   0.23
5. 100              105404              0.768              0.66                   0.33


Varying flows
------------------

1. 10               75591.8             0.187              0.94                   0.055
2. 20               141453              1.006              0.88                   0.11
3. 30               156359              1.962              0.65                   0.34
4. 40               112996              4.546              0.35                   0.64
5. 50               85436.7             5.809              0.21                   0.78